120
0.58643176 0.36245166
0.05269440 0.65114247
0.95045394 0.59318589
0.56890776 0.74553416
0.62768435 0.62008776
0.25294270 0.15172796
0.64174345 0.08542880
0.92883391 0.43574407
0.66095660 0.35343538
0.37577404 0.92443967
0.47157476 0.25421586
0.70884734 0.46154733
0.24914215 0.62153082
0.13592245 0.79343619
0.83430966 0.16341114
0.21794830 0.93894281
0.28667011 0.80112815
0.65833092 0.31432335
0.68867414 0.02412004
0.33064601 0.82269123
0.98393313 0.72682662
0.35855055 0.93933478
0.62045601 0.91560211
0.80959162 0.53465608
0.35317604 0.49526431
0.75634871 0.27135305
0.73656100 0.79919276
0.36104383 0.76345372
0.08174815 0.88767677
0.93607840 0.44752901
0.37116457 0.82537802
0.32377257 0.37976016
0.16241135 0.18721958
0.09565358 0.19674427
0.67592837 0.06461302
0.95110018 0.19851015
0.22827169 0.04489429
0.80487264 0.89190351
0.33285775 0.07857233
0.08270484 0.73883067
0.34978575 0.59215041
0.01549889 0.86947698
0.68130090 0.01356246
0.80504595 0.41868974
0.19058737 0.85144129
0.75672529 0.63815235
0.13196504 0.12950193
0.24886170 0.91261758
0.06351213 0.07628799
0.24070237 0.88354319
0.47316767 0.42766651
0.45875945 0.14001157
0.08522229 0.55712113
0.02719668 0.84014026
0.33105901 0.89239674
0.87980053 0.35990711
0.62172960 0.95006340
0.45773556 0.74112355
0.10911525 0.73067242
0.07187392 0.53129934
0.02795310 0.60657852
0.07956823 0.86535418
0.75128550 0.31348387
0.88055280 0.86366723
0.94464667 0.10329264
0.35213867 0.40026492
0.11228213 0.11016350
0.44007166 0.55295383
0.18348575 0.50882268
0.26511400 0.30673086
0.51980236 0.74930252
0.06155004 0.75862145
0.61105772 0.02186116
0.09980730 0.35159660
0.68843534 0.25058879
0.55296370 0.90189094
0.61854336 0.73273913
0.15418035 0.24263043
0.04070828 0.18288475
0.44395510 0.66255136
0.37371930 0.27146890
0.87898508 0.29206442
0.02373206 0.59695507
0.07347104 0.48270024
0.29396346 0.56739373
0.57023672 0.77122538
0.27470846 0.56748413
0.94461124 0.74922134
0.07961243 0.60425521
0.09391247 0.71893357
0.95679141 0.83610270
0.62037226 0.65213670
0.93625627 0.89225302
0.79620039 0.95050970
0.74409263 0.11860822
0.52944648 0.05978820
0.28927273 0.50856028
0.38193136 0.57315550
0.97660657 0.60981312
0.71674426 0.65911394
0.36535024 0.03393332
0.74668895 0.16946547
0.90359412 0.92463236
0.02440787 0.12341627
0.42427039 0.85481830
0.50109895 0.20831704
0.65819225 0.76959421
0.71752789 0.99874655
0.88624620 0.46127842
0.42102582 0.25395671
0.01608545 0.08884970
0.51342621 0.30041917
0.78610936 0.87608495
0.42209084 0.16183162
0.29443056 0.70789999
0.08480951 0.75147146
0.12099375 0.09806815
0.07387032 0.25107089
0.89366655 0.49645811
0.93693498 0.78110625
