120
0.42112491 0.97610733
0.61328002 0.69304233
0.50886284 0.18781157
0.83012187 0.84492417
0.20962821 0.65051699
0.70033162 0.71503395
0.80910725 0.84519788
0.36958498 0.50561499
0.72061408 0.14319016
0.02669712 0.15341588
0.83634323 0.32463370
0.30291750 0.11785700
0.12094663 0.96807581
0.05051541 0.98371004
0.55227059 0.24743605
0.01593406 0.88165077
0.38970094 0.94839900
0.05851122 0.79749363
0.66090685 0.80883941
0.49106789 0.71838756
0.44010133 0.23511737
0.13179454 0.47235542
0.73648589 0.02051209
0.15372078 0.91861263
0.53272508 0.55441570
0.60693791 0.14801757
0.44043448 0.38949639
0.72099296 0.48989962
0.65593215 0.91888781
0.48657298 0.79723008
0.56392197 0.96101652
0.47644800 0.24879012
0.94901828 0.74222600
0.14336464 0.35878157
0.49338292 0.05388989
0.21816165 0.11036856
0.11019666 0.08321861
0.85484320 0.83797860
0.49692456 0.33834185
0.88472671 0.77270733
0.43786110 0.36357237
0.99931285 0.01140735
0.68388354 0.57776770
0.27957214 0.52513750
0.19595099 0.69344305
0.67388145 0.68687620
0.60484078 0.03823739
0.00760290 0.74948511
0.99590225 0.67525890
0.96295901 0.88283000
0.43345403 0.58376356
0.94904757 0.03125302
0.21370944 0.81237565
0.97173308 0.10664825
0.55313146 0.95164641
0.72519418 0.86066354
0.24117104 0.38811986
0.74555229 0.24796703
0.33733905 0.90791597
0.90365324 0.53493917
0.62548284 0.88620191
0.01092685 0.18942069
0.31537535 0.83489890
0.88977883 0.52228625
0.81461066 0.01665419
0.53633245 0.45083633
0.66859992 0.10312385
0.22391578 0.26851339
0.61649040 0.23780996
0.40937059 0.56983210
0.61490631 0.97884325
0.30232137 0.03120391
0.92245075 0.62382296
0.85071791 0.44132057
0.60956640 0.24132939
0.76831205 0.64527209
0.46444406 0.59789025
0.51852103 0.10592471
0.37359618 0.34478606
0.88285031 0.50632969
0.09847296 0.31053344
0.09588497 0.13062519
0.62941080 0.45036946
0.56273604 0.13713200
0.48501683 0.99550581
0.89552794 0.68658105
0.94561387 0.18221254
0.25994814 0.73630057
0.94014436 0.05756754
0.73345962 0.73274644
0.49718914 0.18991086
0.68235757 0.92989783
0.96788354 0.30803663
0.58053521 0.54965647
0.83630415 0.29684151
0.29034692 0.02838850
0.21625207 0.77745195
0.85738463 0.99193498
0.05127332 0.29497554
0.58830926 0.08921683
0.57414581 0.70903139
0.56492515 0.50925763
0.39713629 0.54726459
0.93674929 0.36431958
0.46945924 0.82248594
0.46319561 0.03395552
0.01531877 0.15763027
0.84935668 0.87793740
0.40759237 0.38782929
0.99524043 0.32034244
0.17729998 0.20318478
0.19732424 0.28058936
0.48578559 0.57159788
0.76509525 0.13082980
0.81851490 0.19799273
0.55954372 0.99349845
0.41270689 0.76398402
0.58643190 0.20064112
0.56779388 0.08013628
0.81987691 0.90305313
