120
0.72749114 0.50028344
0.77750307 0.56405725
0.88050743 0.88487880
0.59836655 0.00168482
0.26722193 0.51254736
0.99358391 0.05238704
0.77348116 0.87728498
0.02668837 0.01526657
0.17488547 0.39680417
0.36578148 0.51516103
0.57422664 0.39720815
0.04162747 0.53891857
0.01444314 0.35055283
0.98553127 0.84779227
0.92194625 0.59621800
0.99548734 0.78726438
0.32640708 0.26164620
0.38446118 0.44149380
0.03919544 0.28930814
0.38930866 0.47638771
0.81131789 0.08334269
0.13113233 0.17209878
0.04785087 0.65822262
0.82592833 0.14608811
0.23264442 0.55757820
0.33676160 0.26992720
0.21926615 0.06563171
0.51050500 0.81101546
0.31278518 0.32076880
0.61541409 0.00079745
0.62496478 0.54251691
0.74075048 0.71327460
0.09122034 0.72460719
0.91604629 0.91314360
0.88713597 0.46103720
0.33865599 0.61595704
0.49629439 0.41132944
0.45843857 0.38766381
0.57917101 0.73914952
0.82144855 0.36220498
0.47355634 0.82784540
0.64884626 0.99952532
0.89812397 0.70539448
0.36988151 0.29676433
0.23281118 0.21884115
0.81976123 0.59731874
0.99997590 0.70202533
0.31102662 0.41347056
0.18594021 0.16534080
0.39304477 0.89532214
0.74413275 0.56410510
0.35267416 0.15593077
0.80575601 0.23154104
0.00183637 0.16935330
0.78005275 0.34450964
0.01068718 0.70328323
0.96855022 0.87057510
0.73055872 0.98827106
0.72131608 0.36290348
0.38397979 0.14085465
0.71569145 0.04209874
0.32095986 0.85880551
0.20817076 0.93405388
0.63549899 0.63894230
0.58383773 0.58910092
0.76006674 0.83146810
0.14331024 0.99789347
0.30582643 0.36780542
0.75150019 0.26857011
0.98971736 0.54197759
0.03963038 0.91234887
0.16191996 0.92459569
0.78043791 0.98146332
0.88808338 0.48972853
0.02823241 0.81935356
0.24969861 0.97550429
0.73994166 0.34745124
0.72993556 0.15699967
0.34967957 0.97819391
0.20289954 0.80532158
0.80980915 0.79764357
0.00367346 0.24649511
0.65363458 0.98905659
0.81931127 0.84254281
0.70884626 0.94398778
0.18127192 0.03340179
0.16850372 0.00238501
0.46142055 0.22746218
0.97314704 0.52372977
0.08895331 0.08144477
0.01530775 0.75871682
0.37025679 0.85415706
0.39166534 0.64640110
0.92051306 0.13091912
0.14827576 0.63226174
0.63733380 0.73253817
0.39166257 0.47819610
0.35512380 0.16450788
0.56396924 0.29504005
0.05824025 0.86227952
0.41532703 0.05527151
0.12413766 0.97740598
0.44599506 0.38324686
0.58565263 0.32767147
0.74472755 0.13337500
0.31647140 0.74121247
0.19418923 0.39000081
0.04204638 0.16255053
0.36496390 0.65804379
0.85257631 0.14408474
0.04483793 0.60503993
0.50967135 0.93242938
0.34818777 0.53013840
0.37562281 0.74272909
0.52004532 0.18698231
0.04783362 0.46569149
0.51469640 0.45168309
0.86852152 0.43126360
0.21659805 0.32907047
0.37604799 0.11074123
