120
0.85593939 0.80048394
0.59384335 0.88700933
0.74155817 0.80976704
0.22473241 0.97618188
0.63390388 0.55802856
0.44635265 0.28336463
0.90198804 0.03268507
0.43628252 0.18851543
0.92500902 0.90123497
0.12108560 0.91740155
0.63360368 0.89164154
0.94275370 0.64742697
0.29440174 0.22784864
0.02672693 0.57087241
0.09143397 0.97288081
0.04913857 0.81630548
0.12136144 0.39347748
0.76125636 0.26696825
0.03232914 0.27066047
0.87055917 0.88098473
0.18409719 0.20156280
0.51649156 0.49560478
0.60772972 0.90011808
0.78410742 0.48061857
0.11477657 0.07024460
0.31874511 0.00730629
0.52054440 0.62509682
0.25055568 0.61592244
0.38709071 0.21814785
0.87349633 0.28722080
0.09639359 0.75488587
0.68517274 0.05117408
0.17887018 0.60925156
0.24984154 0.36817472
0.05876744 0.12260956
0.45916262 0.40092718
0.46504812 0.21320953
0.62472720 0.28525256
0.63484069 0.83198824
0.83954214 0.01961494
0.54139848 0.27187983
0.44817173 0.26376858
0.33495471 0.51751697
0.68659801 0.12545365
0.02272643 0.73089127
0.23089997 0.30999273
0.69853943 0.71966689
0.44085182 0.49115986
0.05375577 0.39243056
0.67490629 0.73174265
0.17977281 0.69096825
0.12899699 0.08398761
0.48712559 0.89175836
0.55427424 0.01987566
0.60780361 0.56605320
0.50106386 0.86720779
0.19941200 0.49897557
0.38130816 0.91813714
0.12508743 0.24142876
0.34116127 0.16527208
0.98558994 0.52526067
0.01395980 0.24201021
0.11606520 0.21514977
0.19104353 0.72012049
0.04040678 0.20410601
0.05910918 0.94081617
0.36132174 0.12821703
0.05694510 0.78840403
0.83138607 0.76736087
0.91285071 0.31530145
0.19990584 0.30216148
0.11625612 0.18224190
0.43895656 0.04239070
0.45240454 0.94442983
0.30292626 0.33423446
0.26498636 0.91259992
0.52821737 0.78117681
0.17010090 0.97484397
0.82191047 0.74471827
0.65092827 0.92394815
0.19634860 0.74027207
0.51310193 0.12260109
0.02719841 0.34416023
0.69629426 0.61093776
0.20458759 0.03859319
0.79792511 0.39247891
0.89327263 0.39813674
0.61223300 0.69819509
0.01863355 0.42400289
0.16614945 0.62024939
0.02037544 0.19302932
0.61933004 0.84008530
0.47000053 0.24036603
0.45164843 0.28248512
0.71279307 0.65708254
0.59006112 0.29361960
0.38848112 0.60938760
0.83334414 0.88552794
0.48016976 0.65858694
0.83567441 0.27023558
0.71385834 0.76711490
0.12170988 0.42182340
0.04092631 0.82307691
0.33240412 0.53144634
0.42589156 0.78881393
0.41915680 0.84570532
0.08684441 0.22785589
0.33364083 0.04424896
0.18785115 0.62004606
0.10425765 0.48689151
0.83456597 0.84697906
0.98897190 0.48784126
0.16536972 0.22780039
0.80281440 0.06026701
0.17855084 0.33319769
0.49718878 0.52318954
0.27799797 0.86704816
0.56739758 0.01920360
0.01014110 0.43997339
0.29923482 0.81836712
