120
0.34661996 0.22864110
0.01239247 0.93082703
0.32251458 0.00069546
0.20971707 0.51796023
0.76282221 0.30897179
0.15113122 0.07045772
0.87250640 0.30749814
0.27285976 0.98384649
0.73850795 0.76907824
0.73477765 0.04011003
0.78327622 0.98890756
0.98680304 0.09156288
0.61698015 0.90267890
0.79854075 0.37762819
0.35483314 0.40345094
0.52490110 0.41070079
0.63967628 0.64486570
0.71870445 0.46067780
0.94724325 0.54809767
0.52124375 0.99747708
0.83472365 0.59203352
0.52812005 0.99471454
0.38073118 0.16524594
0.36027522 0.08085968
0.83952052 0.96140699
0.08576141 0.06230204
0.48309802 0.75270111
0.56532735 0.14308306
0.90274429 0.39175874
0.04470890 0.45753292
0.44418114 0.07917569
0.37770490 0.24872152
0.31414454 0.40750067
0.17219359 0.38820722
0.75923656 0.22232715
0.56334410 0.06385831
0.49153793 0.64933482
0.35923654 0.01117706
0.27334673 0.53555496
0.63019645 0.13021308
0.25996456 0.08504584
0.74330033 0.18226230
0.94896427 0.86730767
0.27837501 0.77954270
0.05243152 0.52378020
0.76758997 0.53426198
0.14353549 0.70881294
0.63289529 0.25591017
0.14226397 0.84634247
0.02993317 0.74515895
0.18295031 0.79244835
0.75284524 0.25288990
0.35631267 0.19163060
0.63744736 0.79960123
0.46324626 0.95749470
0.83305543 0.83826921
0.17309906 0.93156132
0.43798607 0.13341045
0.77032107 0.47734757
0.73692662 0.87683746
0.49798257 0.09861647
0.28860249 0.19262166
0.94017853 0.16926239
0.81696219 0.82229202
0.62515952 0.40099018
0.03821695 0.36668933
0.20579864 0.08313742
0.63686372 0.19254800
0.45750895 0.19108764
0.46188907 0.92599267
0.52827343 0.51417731
0.86825836 0.08953319
0.43086057 0.66943783
0.54622097 0.46454738
0.49357383 0.05574837
0.69657970 0.71725855
0.03539840 0.79740254
0.38513006 0.52165571
0.70515866 0.89575991
0.14331848 0.41027306
0.51541222 0.46290456
0.85526636 0.41996677
0.15263242 0.29725370
0.30159383 0.19806952
0.06415190 0.03459449
0.84492519 0.83687559
0.45142305 0.94844341
0.64772692 0.11007943
0.14117326 0.09395786
0.71409590 0.67058583
0.01623773 0.21074990
0.88721560 0.66128172
0.19321666 0.82059670
0.00299948 0.17104678
0.07276635 0.19287383
0.20846050 0.79189918
0.38520024 0.69976304
0.73748209 0.78846074
0.98777698 0.50370729
0.97311293 0.94134262
0.50578868 0.09041085
0.28977152 0.48860587
0.56217591 0.55740582
0.91328638 0.96353060
0.01232777 0.70217475
0.09397957 0.68025820
0.92018099 0.16493149
0.45611682 0.40657463
0.97702423 0.69755856
0.81771956 0.43392176
0.41469378 0.51390999
0.99345478 0.26458297
0.00909266 0.99639406
0.83385121 0.84820283
0.89544382 0.61455047
0.53996004 0.98950339
0.75917720 0.35808505
0.12993984 0.65363555
0.71878681 0.56587557
0.36861103 0.38797789
