120
0.79665097 0.05862623
0.76023977 0.86270374
0.09127403 0.90249244
0.78589606 0.40667967
0.37447264 0.64902623
0.40092467 0.57211092
0.60779306 0.05072390
0.73708801 0.70848638
0.92217245 0.71493903
0.65577250 0.73710716
0.18754222 0.50197784
0.89502985 0.92635831
0.01899157 0.87773147
0.63629247 0.40663466
0.12957858 0.86268786
0.25379646 0.59285900
0.07528213 0.55648541
0.39201373 0.30661200
0.16614395 0.03548207
0.87340811 0.60779340
0.00566233 0.57937514
0.76649873 0.20058363
0.92932259 0.84226362
0.53870416 0.98833904
0.21802703 0.03849340
0.37032114 0.18222704
0.94623601 0.11509204
0.35292480 0.86319512
0.04122889 0.08920964
0.51888923 0.35937515
0.02137850 0.67056298
0.84150188 0.05496547
0.12847413 0.12133653
0.47496176 0.65014402
0.26467231 0.82839544
0.09632505 0.90014926
0.22420504 0.11601154
0.20138930 0.55717045
0.89543088 0.10783586
0.61101969 0.52857464
0.47512393 0.78466630
0.25197118 0.90115626
0.33015443 0.39070876
0.50242991 0.54140089
0.70617326 0.81675606
0.90863391 0.12618627
0.18405575 0.76853255
0.78407548 0.25355423
0.88295407 0.86849228
0.06272034 0.11448593
0.09537695 0.86564547
0.86921247 0.24796292
0.89025898 0.20104534
0.46695938 0.52940633
0.57586214 0.12234268
0.05980908 0.89008060
0.78187359 0.50070852
0.66154245 0.79736427
0.06346884 0.24086741
0.71737303 0.64830814
0.44291788 0.14030459
0.06280294 0.28022332
0.61680475 0.44804230
0.63315222 0.92627052
0.48401293 0.25701384
0.89313510 0.96400028
0.46633320 0.90629681
0.43638656 0.12551488
0.52438880 0.92183428
0.68922914 0.21328720
0.09743673 0.96157457
0.64495593 0.59988707
0.72150215 0.89495279
0.77159984 0.48258029
0.16715934 0.15760677
0.54235917 0.27963998
0.90064988 0.39028734
0.84513786 0.00221517
0.11849151 0.86890529
0.54433907 0.30328430
0.60220320 0.37128702
0.56142595 0.88830874
0.50437490 0.71070138
0.44677556 0.39928907
0.59430689 0.21920906
0.53034716 0.89065503
0.73705905 0.35278850
0.12408202 0.04803509
0.42069221 0.20311590
0.42256802 0.20574289
0.74668987 0.11951096
0.66099808 0.40416811
0.69659703 0.97358353
0.44461670 0.06302337
0.44783099 0.89234032
0.47087883 0.61636248
0.04634071 0.10455630
0.05103217 0.72208093
0.34714612 0.89213441
0.61783783 0.06938696
0.99182177 0.59283014
0.03317336 0.13502037
0.82121054 0.88386000
0.74020920 0.16950648
0.32742632 0.60442422
0.89467734 0.67503299
0.53040374 0.29180878
0.56367993 0.40311938
0.26465865 0.20146183
0.02977274 0.47383844
0.80801744 0.11910187
0.99442644 0.76075885
0.73750777 0.31952757
0.77292035 0.59459159
0.49321850 0.02005767
0.07664861 0.65095554
0.07532124 0.88554017
0.08496607 0.82796037
0.57856846 0.61855187
0.58686794 0.02425933
