120
0.44845702 0.94716371
0.47447333 0.76823298
0.79090228 0.93410116
0.25405773 0.79592084
0.57461634 0.13897700
0.75535474 0.18789952
0.81984403 0.14604080
0.65782181 0.71357597
0.34381695 0.42352367
0.96543498 0.20639387
0.79537448 0.85034924
0.60429927 0.59331748
0.44276440 0.95744991
0.70429216 0.94815473
0.73062954 0.91143417
0.48224015 0.88105947
0.58246951 0.98485286
0.21921032 0.12261975
0.45335169 0.05278580
0.51218398 0.19678273
0.46812235 0.89229835
0.82134912 0.28307693
0.64263925 0.30013246
0.56726578 0.00347853
0.11632075 0.10809564
0.51467513 0.22160328
0.19639798 0.01190859
0.93130963 0.12358038
0.14745071 0.13395529
0.90503172 0.24413822
0.79328064 0.08827921
0.80907955 0.56744977
0.84597681 0.64124321
0.78803785 0.22056694
0.00641948 0.31851269
0.33098078 0.84789626
0.15206720 0.28585992
0.53722852 0.40975846
0.74396829 0.79798761
0.14442020 0.18926343
0.22762421 0.01112430
0.48745094 0.54374946
0.59605876 0.88500450
0.34765402 0.60303728
0.42653145 0.14356292
0.77027044 0.89075160
0.01988166 0.21194652
0.56563728 0.76068966
0.64678836 0.39520744
0.70984922 0.34672620
0.39907626 0.88524825
0.16366872 0.23484352
0.20958417 0.93679886
0.59418580 0.30155111
0.04378794 0.48778213
0.11811631 0.08184662
0.63414171 0.71386370
0.95059866 0.64688057
0.42764283 0.03724059
0.13338454 0.76025915
0.20452664 0.51523398
0.44695441 0.23426573
0.81816827 0.11561790
0.19167140 0.74341484
0.15543177 0.61026715
0.76991149 0.08436004
0.32883810 0.52914409
0.11256690 0.55899578
0.08082407 0.63691982
0.71971653 0.71607567
0.00017758 0.23753950
0.72873330 0.75014039
0.30257019 0.93644431
0.11243454 0.23468429
0.54527741 0.71723619
0.78534039 0.42972234
0.65984993 0.46324067
0.91425700 0.93992331
0.10630333 0.04098111
0.05064590 0.44446486
0.36576546 0.99314733
0.62172902 0.32472398
0.95200797 0.49855111
0.06421319 0.75573307
0.52935561 0.06815272
0.43621423 0.48581724
0.80665132 0.50248637
0.02899195 0.07256189
0.34123219 0.26322274
0.57286705 0.22001824
0.70899651 0.01037005
0.06064245 0.98826430
0.15496278 0.88217324
0.32601714 0.34350237
0.32753232 0.97637181
0.14152805 0.42776121
0.85388296 0.72727204
0.33831695 0.84343382
0.93542235 0.58688123
0.31336430 0.65966264
0.90928119 0.56584406
0.67314889 0.12742292
0.97805030 0.65520183
0.29079283 0.00331420
0.21703911 0.29592318
0.54324857 0.38807168
0.80565943 0.64509142
0.48310045 0.44816948
0.15911628 0.14985194
0.02211979 0.37387889
0.84160935 0.54312797
0.74170382 0.90371067
0.23635342 0.35553535
0.37464559 0.87775146
0.26249366 0.69319694
0.01219206 0.16516357
0.69417239 0.20140196
0.68654468 0.28005013
0.80554549 0.15147048
0.90066923 0.98595192
