120
0.11276372 0.96493180
0.69330976 0.28380597
0.66788292 0.79027163
0.80343810 0.84936906
0.70710547 0.09921557
0.16672413 0.29223755
0.77661185 0.38585432
0.16044961 0.40182853
0.57899776 0.34941170
0.02821079 0.65380274
0.57244481 0.27741253
0.42387884 0.07073870
0.82543508 0.42956366
0.54558041 0.63742898
0.08349863 0.32038579
0.48625124 0.10279372
0.15425105 0.12099761
0.30073195 0.49869805
0.01485166 0.55029705
0.63470322 0.65444900
0.45054272 0.75206389
0.03889719 0.77531259
0.49830145 0.40824007
0.63282537 0.89066325
0.80178611 0.90994510
0.12086256 0.47599669
0.87283506 0.35489954
0.40647226 0.08913236
0.62967922 0.02466651
0.80238894 0.08804269
0.65833108 0.28161314
0.14786782 0.22245370
0.58116066 0.36657219
0.82128257 0.01584800
0.74815311 0.64658442
0.98297612 0.64506114
0.65045823 0.15086312
0.97755976 0.02729705
0.73208064 0.75945066
0.51512476 0.42502579
0.35377052 0.96113718
0.53910239 0.19961360
0.05124847 0.11092820
0.68599714 0.77774181
0.88926654 0.55512329
0.56383946 0.92652737
0.83567219 0.44300285
0.24664436 0.90362442
0.39519482 0.93880591
0.30488600 0.02206269
0.84075650 0.26850831
0.90867112 0.83408725
0.88765496 0.00116382
0.51141947 0.46909992
0.77574347 0.03709871
0.12630598 0.51451295
0.87924220 0.28959247
0.65273848 0.18499979
0.84925529 0.71170143
0.29588454 0.30547698
0.64601334 0.87137952
0.44648709 0.59710156
0.94247075 0.32053805
0.51779027 0.16280225
0.23741779 0.33515968
0.35068197 0.38146593
0.01977184 0.88239357
0.03629907 0.36774481
0.32105249 0.74019010
0.93497399 0.69676353
0.65354750 0.45246019
0.72703685 0.42408232
0.92723439 0.22459275
0.25447516 0.03476252
0.74641798 0.22504457
0.87870898 0.54850363
0.57283694 0.29692039
0.50861785 0.35511998
0.15779816 0.56035717
0.69055539 0.47630204
0.91069107 0.58447744
0.00758555 0.20485822
0.26793262 0.71259542
0.62470520 0.25442829
0.30435401 0.77690674
0.78147985 0.63172141
0.43701700 0.67598957
0.88591187 0.67131497
0.73500055 0.57543229
0.41485998 0.98708549
0.54744627 0.76005898
0.37991808 0.60784796
0.61060155 0.42052313
0.79074266 0.46003533
0.95130468 0.51708588
0.38884362 0.80505968
0.28628347 0.51479326
0.27170755 0.15696708
0.04686828 0.17558785
0.67058322 0.48738275
0.50961855 0.03695275
0.78153266 0.82595423
0.00955660 0.65301499
0.61489755 0.67269615
0.49599081 0.23643290
0.50912236 0.74727923
0.43371786 0.47403390
0.36487019 0.44651066
0.23134967 0.71117291
0.86410831 0.84422601
0.65446881 0.03888022
0.13857222 0.36338915
0.23169817 0.51183947
0.21042553 0.72444926
0.72716127 0.28762262
0.36038932 0.50263810
0.02309307 0.52024360
0.64218684 0.54853590
0.51478731 0.64541357
0.66391012 0.82745914
