120
0.77735664 0.66982556
0.09913960 0.35297051
0.46790774 0.53468374
0.97830906 0.13031535
0.67124347 0.36422942
0.48883571 0.20301221
0.66619838 0.22766303
0.45806406 0.04072240
0.97428980 0.48747607
0.46161386 0.71414716
0.41572815 0.88801169
0.02329345 0.83350627
0.46849474 0.81147981
0.94559149 0.98308838
0.17618208 0.69865576
0.10885571 0.16026373
0.09286027 0.31406208
0.01653868 0.85404913
0.29101604 0.78004759
0.54809652 0.19433068
0.29203827 0.31945278
0.65859822 0.23152104
0.61943034 0.89533861
0.86943421 0.29380694
0.45820481 0.48497980
0.28038827 0.32895695
0.98424242 0.01194414
0.14290077 0.65197722
0.07499318 0.29207870
0.79344297 0.91159310
0.37039178 0.20528221
0.88008133 0.63256645
0.50351433 0.33084356
0.34740018 0.29241159
0.76539743 0.47844330
0.20153734 0.87156273
0.75517855 0.86755845
0.93232369 0.24171327
0.89245048 0.76595668
0.41468269 0.32368261
0.56130524 0.59083598
0.16558278 0.48619706
0.94902169 0.46819110
0.39662970 0.91880660
0.98572763 0.93920066
0.04763515 0.86037591
0.20104585 0.34360905
0.88253270 0.09841478
0.13326229 0.26768958
0.20931291 0.34066591
0.72659445 0.63178646
0.15878069 0.76621356
0.92388588 0.59107843
0.16853534 0.48868693
0.71833443 0.21618775
0.61214373 0.62034051
0.23751916 0.14398765
0.77221390 0.53057454
0.43869243 0.47789977
0.78410533 0.83686339
0.40626082 0.77418555
0.00312729 0.87655190
0.03167938 0.98174830
0.99521468 0.60603009
0.88924316 0.67633593
0.06864592 0.70032685
0.99924722 0.71794167
0.21861151 0.42210344
0.86621133 0.79457182
0.21412345 0.82065432
0.33856037 0.00881606
0.93420633 0.58246899
0.74196116 0.13957389
0.54514324 0.92357482
0.15047946 0.97190774
0.62051500 0.72516014
0.69161236 0.76400875
0.19610502 0.60275680
0.23597113 0.10814602
0.31285008 0.90991728
0.94076107 0.48536922
0.61649771 0.18119074
0.29025063 0.64573390
0.28505815 0.76502744
0.82462786 0.45002938
0.40523779 0.16964653
0.22610561 0.82581465
0.26026114 0.07577568
0.73764144 0.80513080
0.85649296 0.75507473
0.14516081 0.47871764
0.43883086 0.50770195
0.70422970 0.68832968
0.70580451 0.94453255
0.80382165 0.77407903
0.42460642 0.83342962
0.96636979 0.68030513
0.08824212 0.66272435
0.51590872 0.21408464
0.37356794 0.77920129
0.66605166 0.41040508
0.69627329 0.74116086
0.44716561 0.90038236
0.44797360 0.18905509
0.86530984 0.75081460
0.71245514 0.80226537
0.81648780 0.05966005
0.26452386 0.76039529
0.02991653 0.75213763
0.23391739 0.97693822
0.50057920 0.97458443
0.29461468 0.96581884
0.31213416 0.07592308
0.49408202 0.43630910
0.35966189 0.12576456
0.87726538 0.20765478
0.42507527 0.41562713
0.04381868 0.65764132
0.22105406 0.34954819
0.54144264 0.43477395
