120
0.49734142 0.35999046
0.72206176 0.44672127
0.45335965 0.02592568
0.33490089 0.47554402
0.45132357 0.08788975
0.29509672 0.33863234
0.90209590 0.71734737
0.89861592 0.03299717
0.22846821 0.53814707
0.06127510 0.22935566
0.55981623 0.00084718
0.39203528 0.03133524
0.24056870 0.89537879
0.38665758 0.26785644
0.91136728 0.85616894
0.25486344 0.42717855
0.19719480 0.76448170
0.45421055 0.77014425
0.75449569 0.13293703
0.13608412 0.74219931
0.87103353 0.18118149
0.85815632 0.20274494
0.34102907 0.63722907
0.14905276 0.51091000
0.43529316 0.09760732
0.05941930 0.43050544
0.50249440 0.50797323
0.06406956 0.43169459
0.97740370 0.70837431
0.32365858 0.69483415
0.39597477 0.57020201
0.12738304 0.00221212
0.70823839 0.46105049
0.04872434 0.99961415
0.62738215 0.23486243
0.50411488 0.80394096
0.47932085 0.70795731
0.00755499 0.80071590
0.57146456 0.35535170
0.41095008 0.87412291
0.94202104 0.30280487
0.82841322 0.33046436
0.53454908 0.05846258
0.36406086 0.49189374
0.05273727 0.90820507
0.75900946 0.90430571
0.50584595 0.18698340
0.37839065 0.06954369
0.50669619 0.47201240
0.26733396 0.77842261
0.67942877 0.98143549
0.40543190 0.60900151
0.14819224 0.38924021
0.71336126 0.31086292
0.78725527 0.51688978
0.17380896 0.10049598
0.06248394 0.60899672
0.25461581 0.32950018
0.88771096 0.03552474
0.47411191 0.67589904
0.22419569 0.96572529
0.88782503 0.64015054
0.18389996 0.29973351
0.24878952 0.24008186
0.07567094 0.85609045
0.75866434 0.03052709
0.95032292 0.52862280
0.88767915 0.31617404
0.80880006 0.13400625
0.16786270 0.53393029
0.70039768 0.39637584
0.82199862 0.32269734
0.93887094 0.43683698
0.84499358 0.72062898
0.18180316 0.04399726
0.40266846 0.78906895
0.45492879 0.68746175
0.24256212 0.91250774
0.35518267 0.20563542
0.07166189 0.21013860
0.13380970 0.16668923
0.00138704 0.58485944
0.85022209 0.34505258
0.99623020 0.93766695
0.64929989 0.32296237
0.94830880 0.25585595
0.28845892 0.84459654
0.47102342 0.79292709
0.42482052 0.69682269
0.10564230 0.38403673
0.93974244 0.86492533
0.57401727 0.53521887
0.97741505 0.89239945
0.36418448 0.39084004
0.41904150 0.43094426
0.90046414 0.47865508
0.78703688 0.81938331
0.40298593 0.40145726
0.44554839 0.89918626
0.93914976 0.84593384
0.58729193 0.52681532
0.99249024 0.40216404
0.60772816 0.52156371
0.72777169 0.47697851
0.80521894 0.91696344
0.76715910 0.25606155
0.31657891 0.39931380
0.91488751 0.73562408
0.88645489 0.26772050
0.38591260 0.07246024
0.58445119 0.12974134
0.34746476 0.37484586
0.16538225 0.54264625
0.68765848 0.74785648
0.49999863 0.48146480
0.42286598 0.30867964
0.20414390 0.73950536
0.80479932 0.33814831
0.33769318 0.34793251
0.86672160 0.63393805
