120
0.52094841 0.42125020
0.22094517 0.13033708
0.48395777 0.62608897
0.62112183 0.70727760
0.43539590 0.04809801
0.22548471 0.78854805
0.42108890 0.56520295
0.67640426 0.75683258
0.16251102 0.46622933
0.65265858 0.93483235
0.28093837 0.90047721
0.84883959 0.52448475
0.57864642 0.93558505
0.44015800 0.28936349
0.79737977 0.10126138
0.71872707 0.64495634
0.39126761 0.93929753
0.60923818 0.15484533
0.41680311 0.95425439
0.08511903 0.81020822
0.54904834 0.79743131
0.92125458 0.08401401
0.42710985 0.48270495
0.49262482 0.83812146
0.06168361 0.18003566
0.75120063 0.82023150
0.94822693 0.09190024
0.82752291 0.01022368
0.79151784 0.23087149
0.91764213 0.63374007
0.47225148 0.15692663
0.89045562 0.39343746
0.94374730 0.02705618
0.43035450 0.03986032
0.27475171 0.95649091
0.33599028 0.04595305
0.37548864 0.71005257
0.71954527 0.81889027
0.11659701 0.51174063
0.42263593 0.42311792
0.59759789 0.10039658
0.86612885 0.82624638
0.58840600 0.30251546
0.03129512 0.57579251
0.95453215 0.96497696
0.84137327 0.96628841
0.70386322 0.30273474
0.75628274 0.73681746
0.66831429 0.80172281
0.84222590 0.92299397
0.40108336 0.90443973
0.08432127 0.71906947
0.63833183 0.31310893
0.53603520 0.37944348
0.77084204 0.61864264
0.66274882 0.82315663
0.22629435 0.07816520
0.88942650 0.83125751
0.23293622 0.16891983
0.81093251 0.17798262
0.39757882 0.26124648
0.17020609 0.60154548
0.76845243 0.43557627
0.66804580 0.29454574
0.21321994 0.52468045
0.10108605 0.95088783
0.23808357 0.83722549
0.39547165 0.56612418
0.26648724 0.24334877
0.43381211 0.46404145
0.00266294 0.68026884
0.31314700 0.67313719
0.77802733 0.93542215
0.47659978 0.33869769
0.12838804 0.57895053
0.42781203 0.46407691
0.40658162 0.17154051
0.43819569 0.12608132
0.97602822 0.01878885
0.31969794 0.30869319
0.16854694 0.56860233
0.22200723 0.00285589
0.14692641 0.45091024
0.34887582 0.03820399
0.20050281 0.06349256
0.85064204 0.36532197
0.85134845 0.75228499
0.27603443 0.70041174
0.50793112 0.64182487
0.94034877 0.30613811
0.64845278 0.27522217
0.30250227 0.38507717
0.95376530 0.97274149
0.66367827 0.93048922
0.22234626 0.50946729
0.96761971 0.23733595
0.59876859 0.38505443
0.20909442 0.10746978
0.06047096 0.59565293
0.07991442 0.94362097
0.25560554 0.76447192
0.52085293 0.95301237
0.18300185 0.90098204
0.77965504 0.88571362
0.61042572 0.25164606
0.42517195 0.02881145
0.06370416 0.70424667
0.03060746 0.44918519
0.05413253 0.70874286
0.73467489 0.20135553
0.12168334 0.00230870
0.47240200 0.04130402
0.14502729 0.32688811
0.89547472 0.69169638
0.85071476 0.84435765
0.12197640 0.50229557
0.85536200 0.03988291
0.78910762 0.71132501
0.65366288 0.72149996
0.48854651 0.83745744
