120
0.48311040 0.90218300
0.53745719 0.87613410
0.57315694 0.99452385
0.35744657 0.66172996
0.48828723 0.57264128
0.32388398 0.80723545
0.80873241 0.66085245
0.58025773 0.04408640
0.77256360 0.34018149
0.09506025 0.23214769
0.29508458 0.12277001
0.47347376 0.87393625
0.59429889 0.39326368
0.35626203 0.84433122
0.71377681 0.54164996
0.26577495 0.93036865
0.66470363 0.84812619
0.27430231 0.59878561
0.45694240 0.33213605
0.81263475 0.59649415
0.99478891 0.82870716
0.01838150 0.61006379
0.28754239 0.79867328
0.81745045 0.18940840
0.92509515 0.53731642
0.83652778 0.63169143
0.15184034 0.52816629
0.45834513 0.04230631
0.12580966 0.06582034
0.89741961 0.47272099
0.19003539 0.34250509
0.22496848 0.29339688
0.37537434 0.45997361
0.47948810 0.95857309
0.03253904 0.43480052
0.24880188 0.93408987
0.35770560 0.22393216
0.86718706 0.20511904
0.59926757 0.67867911
0.93756378 0.38909120
0.62887680 0.36699471
0.04690020 0.84908562
0.89016737 0.91617871
0.11310440 0.77745371
0.03095966 0.03970964
0.72912745 0.65409293
0.59906870 0.98006483
0.37685090 0.62708591
0.82420544 0.47163664
0.43095497 0.87014387
0.32793920 0.68698374
0.17707876 0.71508787
0.82042097 0.31064463
0.72310921 0.98781501
0.55128869 0.07551274
0.52183949 0.88828433
0.59908987 0.15541487
0.64200160 0.32282309
0.92892188 0.11200366
0.80713160 0.26582621
0.64558842 0.67722132
0.08401708 0.26140327
0.69311889 0.62039133
0.42855557 0.39819765
0.53197126 0.84095190
0.06738024 0.64708652
0.38219876 0.64625596
0.00244857 0.54297133
0.39007572 0.08123274
0.04383189 0.33493246
0.48404181 0.45340092
0.63730374 0.62228438
0.67757745 0.88922492
0.87928941 0.10530300
0.68937599 0.11974371
0.83250056 0.99547202
0.58085144 0.32484658
0.59189545 0.56743871
0.82811059 0.15444036
0.57699795 0.43443219
0.19505507 0.39235599
0.53527956 0.33108542
0.84494923 0.69161162
0.99967952 0.92683008
0.41966897 0.88845946
0.39738001 0.34325770
0.66407231 0.13837763
0.07437764 0.94586607
0.21397815 0.54805834
0.45959935 0.55355238
0.86125957 0.85933612
0.18960443 0.02320961
0.52048165 0.58359343
0.67867063 0.77482101
0.96006331 0.42043003
0.40758959 0.19795380
0.74502708 0.01337984
0.22376738 0.48594031
0.10064613 0.12257957
0.57955095 0.69325114
0.60797894 0.53956847
0.94715691 0.00914281
0.54052845 0.28573127
0.84904330 0.24470649
0.34650131 0.69633253
0.00632041 0.03813908
0.14491113 0.70435735
0.63650934 0.43020256
0.06174777 0.52847438
0.16709025 0.48766351
0.85240380 0.59348798
0.98472068 0.83916666
0.93758056 0.62114394
0.97813865 0.54431786
0.73762736 0.25992173
0.88142722 0.43371027
0.99380748 0.73174565
0.46413537 0.51603194
0.57765180 0.28998665
0.92638732 0.26291807
